A:0.4376136979829387
R:0.21066110298779653
N:-0.15338544782458913
D:-0.11820459824516953
C:-0.1778870694661607
Q:0.3155391685928988
E:0.3225991679665432
G:-0.4960180756753427
H:-0.10713594399714318
I:-0.010156868548640568
L:0.3369989975547552
K:0.17723289480643664
M:0.310737129961606
F:-0.023175113108816026
P:-0.6900932043249483
S:-0.1494723289696972
T:-0.2559465786890323
W:0.014776162217605854
Y:-0.07303125125641244
V:-0.22332662070080095
-:-1.5297025332859586
prior_log_odds:-0.41680857732590304
windowSize:9
